##SRY = ABSENT
##Average coverage per base (for all bases): 316
##Percentage of bases covered at 15x: 99.54
##Percentage of bases covered at 20x: 99.41
##Percentage of exons with 100% of bases covered at 15x: 99.04
##Percentage of exons with 100% of bases covered at 20x: 98.68
##Total # of bases: 9145834
##Total # of exons: 55562
chr10	89685269	89685314	1	0	0	0	PTEN
chr11	108160168	108160172	1	0	0	0	ATM.DEEP_INTRON
chr22	29105993	29106047	1	0	0	0	CHEK2
chr11	94153290	94153347	1	1	1	0.72	MRE11
chr10	88515460	88516812	1	1	1	0.99	BMPR1A.PROMOTER
chr11	108114679	108114845	1	1	1	0.99	ATM
chr1	45794977	45795109	1	1	1	1	MUTYH
chr1	45796187	45796229	1	1	1	1	MUTYH
chr1	45796853	45797006	1	1	1	1	MUTYH
chr1	45797091	45797228	1	1	1	1	MUTYH
chr1	45797332	45797521	1	1	1	1	MUTYH
chr1	45797694	45797758	1	1	1	1	MUTYH
chr1	45797837	45797982	1	1	1	1	MUTYH
chr1	45798062	45798160	1	1	1	1	MUTYH
chr1	45798245	45798359	1	1	1	1	MUTYH
chr1	45798434	45798506	1	1	1	1	MUTYH
chr1	45798589	45798631	1	1	1	1	MUTYH
chr1	45798768	45798842	1	1	1	1	MUTYH
chr1	45798956	45798996	1	1	1	1	MUTYH
chr1	45799084	45799275	1	1	1	1	MUTYH
chr1	45800062	45800183	1	1	1	1	MUTYH
chr1	45805890	45805926	1	1	1	1	MUTYH
chr10	88598588	88598768	1	1	1	1	BMPR1A.PROMOTER
chr10	88635775	88635842	1	1	1	1	BMPR1A
chr10	88649818	88649981	1	1	1	1	BMPR1A
chr10	88651883	88651986	1	1	1	1	BMPR1A
chr10	88659550	88659647	1	1	1	1	BMPR1A
chr10	88659783	88659883	1	1	1	1	BMPR1A
chr10	88671996	88672141	1	1	1	1	BMPR1A
chr10	88676890	88677083	1	1	1	1	BMPR1A
chr10	88678928	88679226	1	1	1	1	BMPR1A
chr10	88681276	88681452	1	1	1	1	BMPR1A
chr10	88683132	88683263	1	1	1	1	BMPR1A
chr10	88683350	88683476	1	1	1	1	BMPR1A
chr10	89622928	89623576	1	1	1	1	PTEN.PROMOTER
chr10	89623706	89623860	1	1	1	1	PTEN
chr10	89623861	89624305	1	1	1	1	PTEN
chr10	89653781	89653866	1	1	1	1	PTEN
chr10	89690802	89690846	1	1	1	1	PTEN
chr10	89692769	89693008	1	1	1	1	PTEN
chr10	89711874	89712016	1	1	1	1	PTEN
chr10	89717609	89717776	1	1	1	1	PTEN
chr10	89720650	89720875	1	1	1	1	PTEN
chr10	89725043	89725229	1	1	1	1	PTEN
chr11	108098319	108098323	1	1	1	1	ATM.DEEP_INTRON
chr11	108098351	108098423	1	1	1	1	ATM
chr11	108098502	108098615	1	1	1	1	ATM
chr11	108099904	108100050	1	1	1	1	ATM
chr11	108106396	108106561	1	1	1	1	ATM
chr11	108115514	108115753	1	1	1	1	ATM
chr11	108117690	108117854	1	1	1	1	ATM
chr11	108119659	108119829	1	1	1	1	ATM
chr11	108121022	108121025	1	1	1	1	ATM.DEEP_INTRON
chr11	108121427	108121799	1	1	1	1	ATM
chr11	108122563	108122758	1	1	1	1	ATM
chr11	108123543	108123639	1	1	1	1	ATM
chr11	108124540	108124766	1	1	1	1	ATM
chr11	108126941	108127067	1	1	1	1	ATM
chr11	108128207	108128333	1	1	1	1	ATM
chr11	108129712	108129802	1	1	1	1	ATM
chr11	108137897	108138069	1	1	1	1	ATM
chr11	108139136	108139336	1	1	1	1	ATM
chr11	108141207	108141211	1	1	1	1	ATM.DEEP_INTRON
chr11	108141790	108141873	1	1	1	1	ATM
chr11	108141977	108142133	1	1	1	1	ATM
chr11	108143258	108143334	1	1	1	1	ATM
chr11	108143448	108143579	1	1	1	1	ATM
chr11	108144005	108144009	1	1	1	1	ATM.DEEP_INTRON
chr11	108150217	108150335	1	1	1	1	ATM
chr11	108151721	108151895	1	1	1	1	ATM
chr11	108153436	108153606	1	1	1	1	ATM
chr11	108154953	108155200	1	1	1	1	ATM
chr11	108158326	108158442	1	1	1	1	ATM
chr11	108159703	108159830	1	1	1	1	ATM
chr11	108159987	108159991	1	1	1	1	ATM.DEEP_INTRON
chr11	108160328	108160528	1	1	1	1	ATM
chr11	108163345	108163520	1	1	1	1	ATM
chr11	108164039	108164204	1	1	1	1	ATM
chr11	108165653	108165786	1	1	1	1	ATM
chr11	108168013	108168109	1	1	1	1	ATM
chr11	108170440	108170612	1	1	1	1	ATM
chr11	108172374	108172516	1	1	1	1	ATM
chr11	108173579	108173756	1	1	1	1	ATM
chr11	108175401	108175579	1	1	1	1	ATM
chr11	108176703	108176707	1	1	1	1	ATM.DEEP_INTRON
chr11	108178623	108178711	1	1	1	1	ATM
chr11	108179835	108179839	1	1	1	1	ATM.DEEP_INTRON
chr11	108180886	108181042	1	1	1	1	ATM
chr11	108183137	108183225	1	1	1	1	ATM
chr11	108186549	108186638	1	1	1	1	ATM
chr11	108186737	108186840	1	1	1	1	ATM
chr11	108188099	108188248	1	1	1	1	ATM
chr11	108190680	108190785	1	1	1	1	ATM
chr11	108192027	108192147	1	1	1	1	ATM
chr11	108196036	108196271	1	1	1	1	ATM
chr11	108196784	108196952	1	1	1	1	ATM
chr11	108198371	108198485	1	1	1	1	ATM
chr11	108199747	108199965	1	1	1	1	ATM
chr11	108200940	108201148	1	1	1	1	ATM
chr11	108202170	108202284	1	1	1	1	ATM
chr11	108202605	108202764	1	1	1	1	ATM
chr11	108203488	108203627	1	1	1	1	ATM
chr11	108204612	108204695	1	1	1	1	ATM
chr11	108205695	108205836	1	1	1	1	ATM
chr11	108206571	108206688	1	1	1	1	ATM
chr11	108213948	108214098	1	1	1	1	ATM
chr11	108216469	108216635	1	1	1	1	ATM
chr11	108218005	108218092	1	1	1	1	ATM
chr11	108224492	108224607	1	1	1	1	ATM
chr11	108225537	108225601	1	1	1	1	ATM
chr11	108235808	108235945	1	1	1	1	ATM
chr11	108236051	108236235	1	1	1	1	ATM
chr11	94163076	94163152	1	1	1	1	MRE11
chr11	94168997	94169065	1	1	1	1	MRE11
chr11	94170342	94170401	1	1	1	1	MRE11
chr11	94178975	94179059	1	1	1	1	MRE11
chr11	94180384	94180604	1	1	1	1	MRE11
chr11	94189441	94189504	1	1	1	1	MRE11
chr11	94192573	94192747	1	1	1	1	MRE11
chr11	94194101	94194202	1	1	1	1	MRE11
chr11	94197278	94197405	1	1	1	1	MRE11
chr11	94200978	94201059	1	1	1	1	MRE11
chr11	94203636	94203808	1	1	1	1	MRE11
chr11	94204739	94204925	1	1	1	1	MRE11
chr11	94209454	94209569	1	1	1	1	MRE11
chr11	94211900	94212042	1	1	1	1	MRE11
chr11	94212839	94212927	1	1	1	1	MRE11
chr11	94219089	94219250	1	1	1	1	MRE11
chr11	94223998	94224131	1	1	1	1	MRE11
chr11	94225947	94225967	1	1	1	1	MRE11
chr12	133201282	133201396	1	1	1	1	POLE
chr12	133201490	133201580	1	1	1	1	POLE
chr12	133202230	133202356	1	1	1	1	POLE
chr12	133202702	133202903	1	1	1	1	POLE
chr12	133208900	133209094	1	1	1	1	POLE
chr12	133209249	133209381	1	1	1	1	POLE
chr12	133210771	133210964	1	1	1	1	POLE
chr12	133212477	133212610	1	1	1	1	POLE
chr12	133214599	133214725	1	1	1	1	POLE
chr12	133215710	133215884	1	1	1	1	POLE
chr12	133218232	133218437	1	1	1	1	POLE
chr12	133218762	133218983	1	1	1	1	POLE
chr12	133219091	133219315	1	1	1	1	POLE
chr12	133219405	133219582	1	1	1	1	POLE
chr12	133219809	133219916	1	1	1	1	POLE
chr12	133219992	133220146	1	1	1	1	POLE
chr12	133220422	133220563	1	1	1	1	POLE
chr12	133225514	133225658	1	1	1	1	POLE
chr12	133225891	133226101	1	1	1	1	POLE
chr12	133226262	133226475	1	1	1	1	POLE
chr12	133233721	133233844	1	1	1	1	POLE
chr12	133233934	133234015	1	1	1	1	POLE
chr12	133234453	133234556	1	1	1	1	POLE
chr12	133235880	133236095	1	1	1	1	POLE
chr12	133237554	133237750	1	1	1	1	POLE
chr12	133238112	133238270	1	1	1	1	POLE
chr12	133240589	133240734	1	1	1	1	POLE
chr12	133240955	133241048	1	1	1	1	POLE
chr12	133241887	133242036	1	1	1	1	POLE
chr12	133244088	133244234	1	1	1	1	POLE
chr12	133244941	133245088	1	1	1	1	POLE
chr12	133245220	133245323	1	1	1	1	POLE
chr12	133245396	133245525	1	1	1	1	POLE
chr12	133248800	133248908	1	1	1	1	POLE
chr12	133249212	133249425	1	1	1	1	POLE
chr12	133249749	133249863	1	1	1	1	POLE
chr12	133250160	133250293	1	1	1	1	POLE
chr12	133251983	133252103	1	1	1	1	POLE
chr12	133252320	133252406	1	1	1	1	POLE
chr12	133252679	133252790	1	1	1	1	POLE
chr12	133253131	133253239	1	1	1	1	POLE
chr12	133253948	133254029	1	1	1	1	POLE
chr12	133254163	133254305	1	1	1	1	POLE
chr12	133256082	133256237	1	1	1	1	POLE
chr12	133256539	133256632	1	1	1	1	POLE
chr12	133256763	133256808	1	1	1	1	POLE
chr12	133257192	133257273	1	1	1	1	POLE
chr12	133257723	133257865	1	1	1	1	POLE
chr12	133263839	133263901	1	1	1	1	POLE
chr12	58142307	58142400	1	1	1	1	CDK4
chr12	58142964	58143100	1	1	1	1	CDK4
chr12	58143236	58143287	1	1	1	1	CDK4
chr12	58144438	58144548	1	1	1	1	CDK4
chr12	58144705	58144873	1	1	1	1	CDK4
chr12	58144989	58145125	1	1	1	1	CDK4
chr12	58145282	58145500	1	1	1	1	CDK4
chr13	32889521	32889937	1	1	1	1	BRCA2.PROMOTER
chr13	32890597	32890664	1	1	1	1	BRCA2
chr13	32893213	32893462	1	1	1	1	BRCA2
chr13	32899212	32899321	1	1	1	1	BRCA2
chr13	32900237	32900287	1	1	1	1	BRCA2
chr13	32900378	32900419	1	1	1	1	BRCA2
chr13	32900635	32900750	1	1	1	1	BRCA2
chr13	32903579	32903629	1	1	1	1	BRCA2
chr13	32905055	32905167	1	1	1	1	BRCA2
chr13	32906408	32907524	1	1	1	1	BRCA2
chr13	32910401	32915333	1	1	1	1	BRCA2
chr13	32918694	32918790	1	1	1	1	BRCA2
chr13	32919382	32919386	1	1	1	1	BRCA2.DEEP_INTRON
chr13	32920963	32921033	1	1	1	1	BRCA2
chr13	32928997	32929425	1	1	1	1	BRCA2
chr13	32930564	32930746	1	1	1	1	BRCA2
chr13	32931878	32932066	1	1	1	1	BRCA2
chr13	32936659	32936830	1	1	1	1	BRCA2
chr13	32937315	32937670	1	1	1	1	BRCA2
chr13	32944538	32944694	1	1	1	1	BRCA2
chr13	32945092	32945237	1	1	1	1	BRCA2
chr13	32950806	32950928	1	1	1	1	BRCA2
chr13	32953453	32953652	1	1	1	1	BRCA2
chr13	32953886	32954050	1	1	1	1	BRCA2
chr13	32954143	32954282	1	1	1	1	BRCA2
chr13	32968825	32969070	1	1	1	1	BRCA2
chr13	32971034	32971181	1	1	1	1	BRCA2
chr13	32972298	32972907	1	1	1	1	BRCA2
chr13	32973279	32973819	1	1	1	1	BRCA2
chr14	95556834	95557000	1	1	1	1	DICER1
chr14	95557370	95557446	1	1	1	1	DICER1
chr14	95557539	95557702	1	1	1	1	DICER1
chr14	95559036	95559040	1	1	1	1	DICER1.DEEP_INTRON
chr14	95560224	95560493	1	1	1	1	DICER1
chr14	95562161	95563050	1	1	1	1	DICER1
chr14	95566116	95566272	1	1	1	1	DICER1
chr14	95569682	95570463	1	1	1	1	DICER1
chr14	95571407	95571583	1	1	1	1	DICER1
chr14	95572014	95572120	1	1	1	1	DICER1
chr14	95572377	95572560	1	1	1	1	DICER1
chr14	95573944	95574098	1	1	1	1	DICER1
chr14	95574216	95574430	1	1	1	1	DICER1
chr14	95574660	95574840	1	1	1	1	DICER1
chr14	95577653	95577793	1	1	1	1	DICER1
chr14	95578508	95578584	1	1	1	1	DICER1
chr14	95579428	95579561	1	1	1	1	DICER1
chr14	95582003	95582158	1	1	1	1	DICER1
chr14	95582789	95583032	1	1	1	1	DICER1
chr14	95583958	95584091	1	1	1	1	DICER1
chr14	95590532	95591005	1	1	1	1	DICER1
chr14	95592916	95593085	1	1	1	1	DICER1
chr14	95595808	95595969	1	1	1	1	DICER1
chr14	95596394	95596529	1	1	1	1	DICER1
chr14	95597845	95597976	1	1	1	1	DICER1
chr14	95598851	95599014	1	1	1	1	DICER1
chr14	95599651	95599795	1	1	1	1	DICER1
chr15	32971634	32972470	1	1	1	1	GREM1.PROMOTER
chr15	32976362	32977306	1	1	1	1	GREM1.PROMOTER
chr15	32983566	32984341	1	1	1	1	GREM1.PROMOTER
chr15	32988575	32989336	1	1	1	1	GREM1.PROMOTER
chr15	33022891	33023446	1	1	1	1	GREM1
chr16	2089924	2090048	1	1	1	1	NTHL1
chr16	2090133	2090239	1	1	1	1	NTHL1
chr16	2093567	2093727	1	1	1	1	NTHL1
chr16	2094630	2094801	1	1	1	1	NTHL1
chr16	2096128	2096367	1	1	1	1	NTHL1
chr16	2097709	2097848	1	1	1	1	NTHL1
chr16	23614779	23614990	1	1	1	1	PALB2
chr16	23619184	23619333	1	1	1	1	PALB2
chr16	23625324	23625412	1	1	1	1	PALB2
chr16	23632682	23632799	1	1	1	1	PALB2
chr16	23634289	23634451	1	1	1	1	PALB2
chr16	23635329	23635415	1	1	1	1	PALB2
chr16	23637556	23637718	1	1	1	1	PALB2
chr16	23640524	23640596	1	1	1	1	PALB2
chr16	23640960	23641790	1	1	1	1	PALB2
chr16	23646182	23647655	1	1	1	1	PALB2
chr16	23649170	23649273	1	1	1	1	PALB2
chr16	23649390	23649450	1	1	1	1	PALB2
chr16	23652430	23652478	1	1	1	1	PALB2
chr16	68771318	68771366	1	1	1	1	CDH1
chr16	68772199	68772314	1	1	1	1	CDH1
chr16	68835572	68835796	1	1	1	1	CDH1
chr16	68842326	68842470	1	1	1	1	CDH1
chr16	68842595	68842751	1	1	1	1	CDH1
chr16	68844099	68844244	1	1	1	1	CDH1
chr16	68845586	68845762	1	1	1	1	CDH1
chr16	68846037	68846166	1	1	1	1	CDH1
chr16	68847215	68847398	1	1	1	1	CDH1
chr16	68849417	68849662	1	1	1	1	CDH1
chr16	68853182	68853328	1	1	1	1	CDH1
chr16	68855903	68856128	1	1	1	1	CDH1
chr16	68857301	68857529	1	1	1	1	CDH1
chr16	68862076	68862207	1	1	1	1	CDH1
chr16	68863556	68863700	1	1	1	1	CDH1
chr16	68867192	68867402	1	1	1	1	CDH1
chr17	29422327	29422387	1	1	1	1	NF1
chr17	29483000	29483144	1	1	1	1	NF1
chr17	29486027	29486111	1	1	1	1	NF1
chr17	29488134	29488138	1	1	1	1	NF1.DEEP_INTRON
chr17	29489927	29489931	1	1	1	1	NF1.DEEP_INTRON
chr17	29490203	29490394	1	1	1	1	NF1
chr17	29496908	29497015	1	1	1	1	NF1
chr17	29508439	29508507	1	1	1	1	NF1
chr17	29508727	29508803	1	1	1	1	NF1
chr17	29509525	29509683	1	1	1	1	NF1
chr17	29510470	29510474	1	1	1	1	NF1.DEEP_INTRON
chr17	29526496	29526500	1	1	1	1	NF1.DEEP_INTRON
chr17	29527439	29527613	1	1	1	1	NF1
chr17	29528054	29528177	1	1	1	1	NF1
chr17	29528428	29528503	1	1	1	1	NF1
chr17	29530105	29530109	1	1	1	1	NF1.DEEP_INTRON
chr17	29532795	29532799	1	1	1	1	NF1.DEEP_INTRON
chr17	29533257	29533389	1	1	1	1	NF1
chr17	29541468	29541603	1	1	1	1	NF1
chr17	29542760	29542764	1	1	1	1	NF1.DEEP_INTRON
chr17	29546022	29546136	1	1	1	1	NF1
chr17	29548867	29549008	1	1	1	1	NF1
chr17	29550461	29550585	1	1	1	1	NF1
chr17	29552112	29552268	1	1	1	1	NF1
chr17	29553452	29553702	1	1	1	1	NF1
chr17	29554235	29554309	1	1	1	1	NF1
chr17	29554540	29554624	1	1	1	1	NF1
chr17	29556042	29556483	1	1	1	1	NF1
chr17	29556852	29556992	1	1	1	1	NF1
chr17	29557277	29557400	1	1	1	1	NF1
chr17	29557859	29557943	1	1	1	1	NF1
chr17	29559090	29559207	1	1	1	1	NF1
chr17	29559717	29559899	1	1	1	1	NF1
chr17	29560019	29560231	1	1	1	1	NF1
chr17	29562628	29562790	1	1	1	1	NF1
chr17	29562935	29563039	1	1	1	1	NF1
chr17	29576001	29576137	1	1	1	1	NF1
chr17	29579955	29580018	1	1	1	1	NF1
chr17	29585361	29585520	1	1	1	1	NF1
chr17	29586049	29586147	1	1	1	1	NF1
chr17	29587386	29587533	1	1	1	1	NF1
chr17	29588728	29588875	1	1	1	1	NF1
chr17	29592246	29592357	1	1	1	1	NF1
chr17	29652837	29653270	1	1	1	1	NF1
chr17	29654516	29654857	1	1	1	1	NF1
chr17	29657313	29657516	1	1	1	1	NF1
chr17	29657846	29657850	1	1	1	1	NF1.DEEP_INTRON
chr17	29661855	29662049	1	1	1	1	NF1
chr17	29663350	29663491	1	1	1	1	NF1
chr17	29663652	29663932	1	1	1	1	NF1
chr17	29664385	29664600	1	1	1	1	NF1
chr17	29664836	29664898	1	1	1	1	NF1
chr17	29665042	29665157	1	1	1	1	NF1
chr17	29665721	29665823	1	1	1	1	NF1
chr17	29667522	29667663	1	1	1	1	NF1
chr17	29670026	29670153	1	1	1	1	NF1
chr17	29676137	29676269	1	1	1	1	NF1
chr17	29677200	29677336	1	1	1	1	NF1
chr17	29679274	29679432	1	1	1	1	NF1
chr17	29683477	29683600	1	1	1	1	NF1
chr17	29683977	29684108	1	1	1	1	NF1
chr17	29684286	29684387	1	1	1	1	NF1
chr17	29685175	29685179	1	1	1	1	NF1.DEEP_INTRON
chr17	29685497	29685640	1	1	1	1	NF1
chr17	29685986	29686033	1	1	1	1	NF1
chr17	29686428	29686432	1	1	1	1	NF1.DEEP_INTRON
chr17	29687504	29687721	1	1	1	1	NF1
chr17	29701030	29701173	1	1	1	1	NF1
chr17	33427971	33428055	1	1	1	1	RAD51D
chr17	33428219	33428384	1	1	1	1	RAD51D
chr17	33430272	33430343	1	1	1	1	RAD51D
chr17	33430472	33430563	1	1	1	1	RAD51D
chr17	33433404	33433500	1	1	1	1	RAD51D
chr17	33434006	33434141	1	1	1	1	RAD51D
chr17	33434384	33434466	1	1	1	1	RAD51D
chr17	33443877	33444056	1	1	1	1	RAD51D
chr17	33445519	33445638	1	1	1	1	RAD51D
chr17	33446129	33446191	1	1	1	1	RAD51D
chr17	33446550	33446632	1	1	1	1	RAD51D
chr17	41196289	41197069	1	1	1	1	BRCA1
chr17	41197586	41197590	1	1	1	1	BRCA1.DEEP_INTRON
chr17	41197694	41197819	1	1	1	1	BRCA1
chr17	41197857	41197861	1	1	1	1	BRCA1.DEEP_INTRON
chr17	41199659	41199720	1	1	1	1	BRCA1
chr17	41201137	41201211	1	1	1	1	BRCA1
chr17	41203079	41203134	1	1	1	1	BRCA1
chr17	41209068	41209152	1	1	1	1	BRCA1
chr17	41215349	41215390	1	1	1	1	BRCA1
chr17	41215890	41215968	1	1	1	1	BRCA1
chr17	41219624	41219712	1	1	1	1	BRCA1
chr17	41222944	41223255	1	1	1	1	BRCA1
chr17	41226347	41226538	1	1	1	1	BRCA1
chr17	41228504	41228631	1	1	1	1	BRCA1
chr17	41231350	41231416	1	1	1	1	BRCA1
chr17	41234420	41234592	1	1	1	1	BRCA1
chr17	41242960	41243049	1	1	1	1	BRCA1
chr17	41243451	41246877	1	1	1	1	BRCA1
chr17	41247862	41247939	1	1	1	1	BRCA1
chr17	41249260	41249306	1	1	1	1	BRCA1
chr17	41251791	41251897	1	1	1	1	BRCA1
chr17	41256138	41256278	1	1	1	1	BRCA1
chr17	41256884	41256973	1	1	1	1	BRCA1
chr17	41258472	41258550	1	1	1	1	BRCA1
chr17	41267742	41267796	1	1	1	1	BRCA1
chr17	41276033	41276113	1	1	1	1	BRCA1
chr17	41277373	41277377	1	1	1	1	BRCA1.DEEP_INTRON
chr17	46804151	46804405	1	1	1	1	HOXB13
chr17	46805354	46805955	1	1	1	1	HOXB13
chr17	56770004	56770149	1	1	1	1	RAD51C
chr17	56772291	56772554	1	1	1	1	RAD51C
chr17	56774053	56774220	1	1	1	1	RAD51C
chr17	56780556	56780690	1	1	1	1	RAD51C
chr17	56787219	56787351	1	1	1	1	RAD51C
chr17	56798106	56798173	1	1	1	1	RAD51C
chr17	56801400	56801461	1	1	1	1	RAD51C
chr17	56809844	56809905	1	1	1	1	RAD51C
chr17	56811478	56811583	1	1	1	1	RAD51C
chr17	59760656	59761501	1	1	1	1	BRIP1
chr17	59763196	59763526	1	1	1	1	BRIP1
chr17	59770790	59770873	1	1	1	1	BRIP1
chr17	59793311	59793424	1	1	1	1	BRIP1
chr17	59820373	59820495	1	1	1	1	BRIP1
chr17	59821792	59821952	1	1	1	1	BRIP1
chr17	59853761	59853923	1	1	1	1	BRIP1
chr17	59857621	59857762	1	1	1	1	BRIP1
chr17	59858200	59858366	1	1	1	1	BRIP1
chr17	59858862	59858866	1	1	1	1	BRIP1.DEEP_INTRON
chr17	59861630	59861785	1	1	1	1	BRIP1
chr17	59870957	59871090	1	1	1	1	BRIP1
chr17	59876460	59876660	1	1	1	1	BRIP1
chr17	59878613	59878835	1	1	1	1	BRIP1
chr17	59885827	59886118	1	1	1	1	BRIP1
chr17	59924461	59924581	1	1	1	1	BRIP1
chr17	59926489	59926617	1	1	1	1	BRIP1
chr17	59934418	59934592	1	1	1	1	BRIP1
chr17	59937156	59937268	1	1	1	1	BRIP1
chr17	59938807	59938900	1	1	1	1	BRIP1
chr17	63526093	63526220	1	1	1	1	AXIN2
chr17	63530029	63530197	1	1	1	1	AXIN2
chr17	63531743	63531839	1	1	1	1	AXIN2
chr17	63532437	63532671	1	1	1	1	AXIN2
chr17	63532986	63533181	1	1	1	1	AXIN2
chr17	63533441	63533953	1	1	1	1	AXIN2
chr17	63534320	63534461	1	1	1	1	AXIN2
chr17	63537572	63537675	1	1	1	1	AXIN2
chr17	63545637	63545778	1	1	1	1	AXIN2
chr17	63553923	63554738	1	1	1	1	AXIN2
chr17	7571645	7572125	1	1	1	1	TP53
chr17	7572926	7573008	1	1	1	1	TP53
chr17	7573926	7574033	1	1	1	1	TP53
chr17	7576536	7576584	1	1	1	1	TP53
chr17	7576624	7576657	1	1	1	1	TP53
chr17	7576852	7576926	1	1	1	1	TP53
chr17	7577018	7577155	1	1	1	1	TP53
chr17	7577498	7577608	1	1	1	1	TP53
chr17	7578176	7578289	1	1	1	1	TP53
chr17	7578370	7578554	1	1	1	1	TP53
chr17	7579311	7579590	1	1	1	1	TP53
chr17	7579699	7579721	1	1	1	1	TP53
chr17	7579838	7579912	1	1	1	1	TP53
chr17	7590555	7591037	1	1	1	1	TP53.PROMOTER
chr18	48556363	48557026	1	1	1	1	SMAD4.PROMOTER
chr18	48573416	48573665	1	1	1	1	SMAD4
chr18	48575055	48575230	1	1	1	1	SMAD4
chr18	48575664	48575694	1	1	1	1	SMAD4
chr18	48581150	48581363	1	1	1	1	SMAD4
chr18	48584494	48584614	1	1	1	1	SMAD4
chr18	48584709	48584826	1	1	1	1	SMAD4
chr18	48586235	48586286	1	1	1	1	SMAD4
chr18	48591792	48591976	1	1	1	1	SMAD4
chr18	48593388	48593557	1	1	1	1	SMAD4
chr18	48603007	48603146	1	1	1	1	SMAD4
chr18	48604625	48604837	1	1	1	1	SMAD4
chr18	48607191	48610064	1	1	1	1	SMAD4
chr18	48610089	48610376	1	1	1	1	SMAD4
chr18	48610402	48611422	1	1	1	1	SMAD4
chr19	11094827	11095049	1	1	1	1	SMARCA4
chr19	11095948	11096081	1	1	1	1	SMARCA4
chr19	11096864	11097269	1	1	1	1	SMARCA4
chr19	11097580	11097679	1	1	1	1	SMARCA4
chr19	11098341	11098600	1	1	1	1	SMARCA4
chr19	11099992	11100119	1	1	1	1	SMARCA4
chr19	11101825	11101999	1	1	1	1	SMARCA4
chr19	11105503	11105677	1	1	1	1	SMARCA4
chr19	11106888	11107056	1	1	1	1	SMARCA4
chr19	11107169	11107220	1	1	1	1	SMARCA4
chr19	11113704	11113835	1	1	1	1	SMARCA4
chr19	11114015	11114073	1	1	1	1	SMARCA4
chr19	11118577	11118699	1	1	1	1	SMARCA4
chr19	11121056	11121207	1	1	1	1	SMARCA4
chr19	11123624	11123788	1	1	1	1	SMARCA4
chr19	11129632	11129699	1	1	1	1	SMARCA4
chr19	11130266	11130377	1	1	1	1	SMARCA4
chr19	11132400	11132643	1	1	1	1	SMARCA4
chr19	11134193	11134307	1	1	1	1	SMARCA4
chr19	11135006	11135114	1	1	1	1	SMARCA4
chr19	11136097	11136184	1	1	1	1	SMARCA4
chr19	11136975	11137022	1	1	1	1	SMARCA4
chr19	11138459	11138626	1	1	1	1	SMARCA4
chr19	11141405	11141569	1	1	1	1	SMARCA4
chr19	11143965	11144193	1	1	1	1	SMARCA4
chr19	11144442	11144541	1	1	1	1	SMARCA4
chr19	11144798	11144876	1	1	1	1	SMARCA4
chr19	11145589	11145808	1	1	1	1	SMARCA4
chr19	11150133	11150229	1	1	1	1	SMARCA4
chr19	11151973	11152236	1	1	1	1	SMARCA4
chr19	11168930	11169039	1	1	1	1	SMARCA4
chr19	11169463	11169565	1	1	1	1	SMARCA4
chr19	11170428	11170561	1	1	1	1	SMARCA4
chr19	11170720	11170863	1	1	1	1	SMARCA4
chr19	11172459	11172492	1	1	1	1	SMARCA4
chr19	1206912	1207202	1	1	1	1	STK11
chr19	1218415	1218499	1	1	1	1	STK11
chr19	1219322	1219412	1	1	1	1	STK11
chr19	1220371	1220504	1	1	1	1	STK11
chr19	1220579	1220716	1	1	1	1	STK11
chr19	1221211	1221339	1	1	1	1	STK11
chr19	1221947	1222005	1	1	1	1	STK11
chr19	1222983	1223171	1	1	1	1	STK11
chr19	1226452	1226646	1	1	1	1	STK11
chr19	50902108	50902310	1	1	1	1	POLD1
chr19	50902627	50902741	1	1	1	1	POLD1
chr19	50905034	50905181	1	1	1	1	POLD1
chr19	50905255	50905381	1	1	1	1	POLD1
chr19	50905461	50905630	1	1	1	1	POLD1
chr19	50905710	50905792	1	1	1	1	POLD1
chr19	50905868	50905998	1	1	1	1	POLD1
chr19	50906309	50906476	1	1	1	1	POLD1
chr19	50906749	50906854	1	1	1	1	POLD1
chr19	50909438	50909579	1	1	1	1	POLD1
chr19	50909663	50909774	1	1	1	1	POLD1
chr19	50910239	50910431	1	1	1	1	POLD1
chr19	50910583	50910672	1	1	1	1	POLD1
chr19	50911963	50912158	1	1	1	1	POLD1
chr19	50912378	50912492	1	1	1	1	POLD1
chr19	50912775	50912923	1	1	1	1	POLD1
chr19	50916682	50916778	1	1	1	1	POLD1
chr19	50916998	50917136	1	1	1	1	POLD1
chr19	50918071	50918247	1	1	1	1	POLD1
chr19	50918694	50918847	1	1	1	1	POLD1
chr19	50918980	50919083	1	1	1	1	POLD1
chr19	50919652	50919785	1	1	1	1	POLD1
chr19	50919866	50919980	1	1	1	1	POLD1
chr19	50920301	50920354	1	1	1	1	POLD1
chr19	50920428	50920526	1	1	1	1	POLD1
chr19	50921098	50921204	1	1	1	1	POLD1
chr2	215593399	215593732	1	1	1	1	BARD1
chr2	215595134	215595232	1	1	1	1	BARD1
chr2	215609790	215609883	1	1	1	1	BARD1
chr2	215610445	215610578	1	1	1	1	BARD1
chr2	215617170	215617279	1	1	1	1	BARD1
chr2	215632205	215632378	1	1	1	1	BARD1
chr2	215633955	215634036	1	1	1	1	BARD1
chr2	215645283	215646233	1	1	1	1	BARD1
chr2	215657020	215657169	1	1	1	1	BARD1
chr2	215661784	215661841	1	1	1	1	BARD1
chr2	215674135	215674293	1	1	1	1	BARD1
chr2	47596644	47596720	1	1	1	1	EPCAM
chr2	47600601	47600709	1	1	1	1	EPCAM
chr2	47600946	47601187	1	1	1	1	EPCAM
chr2	47602372	47602438	1	1	1	1	EPCAM
chr2	47604152	47604216	1	1	1	1	EPCAM
chr2	47606091	47606193	1	1	1	1	EPCAM
chr2	47606907	47607108	1	1	1	1	EPCAM
chr2	47612304	47612349	1	1	1	1	EPCAM
chr2	47613710	47613752	1	1	1	1	EPCAM
chr2	47629973	47630305	1	1	1	1	MSH2.PROMOTER
chr2	47630330	47630541	1	1	1	1	MSH2
chr2	47635060	47635064	1	1	1	1	MSH2.DEEP_INTRON
chr2	47635539	47635694	1	1	1	1	MSH2
chr2	47637232	47637511	1	1	1	1	MSH2
chr2	47639552	47639699	1	1	1	1	MSH2
chr2	47641407	47641557	1	1	1	1	MSH2
chr2	47643434	47643568	1	1	1	1	MSH2
chr2	47656809	47656813	1	1	1	1	MSH2.DEEP_INTRON
chr2	47656880	47657080	1	1	1	1	MSH2
chr2	47672686	47672796	1	1	1	1	MSH2
chr2	47690169	47690293	1	1	1	1	MSH2
chr2	47693796	47693947	1	1	1	1	MSH2
chr2	47698103	47698201	1	1	1	1	MSH2
chr2	47702163	47702409	1	1	1	1	MSH2
chr2	47703505	47703710	1	1	1	1	MSH2
chr2	47705410	47705658	1	1	1	1	MSH2
chr2	47707834	47708010	1	1	1	1	MSH2
chr2	47709917	47710088	1	1	1	1	MSH2
chr2	48010372	48010632	1	1	1	1	MSH6
chr2	48018065	48018262	1	1	1	1	MSH6
chr2	48023032	48023202	1	1	1	1	MSH6
chr2	48025749	48028294	1	1	1	1	MSH6
chr2	48030558	48030824	1	1	1	1	MSH6
chr2	48032048	48032166	1	1	1	1	MSH6
chr2	48032756	48032846	1	1	1	1	MSH6
chr2	48033342	48033497	1	1	1	1	MSH6
chr2	48033590	48033790	1	1	1	1	MSH6
chr2	48033917	48033999	1	1	1	1	MSH6
chr22	29083884	29083974	1	1	1	1	CHEK2
chr22	29085122	29085203	1	1	1	1	CHEK2
chr22	29090019	29090105	1	1	1	1	CHEK2
chr22	29091114	29091230	1	1	1	1	CHEK2
chr22	29091697	29091861	1	1	1	1	CHEK2
chr22	29092888	29092975	1	1	1	1	CHEK2
chr22	29095825	29095925	1	1	1	1	CHEK2
chr22	29099492	29099554	1	1	1	1	CHEK2
chr22	29107896	29108005	1	1	1	1	CHEK2
chr22	29115382	29115473	1	1	1	1	CHEK2
chr22	29120964	29121112	1	1	1	1	CHEK2
chr22	29121230	29121355	1	1	1	1	CHEK2
chr22	29126407	29126536	1	1	1	1	CHEK2
chr22	29130390	29130709	1	1	1	1	CHEK2
chr3	37034551	37035013	1	1	1	1	MLH1.PROMOTER
chr3	37035038	37035154	1	1	1	1	MLH1
chr3	37038109	37038200	1	1	1	1	MLH1
chr3	37038581	37038821	1	1	1	1	MLH1.PROMOTER
chr3	37042445	37042544	1	1	1	1	MLH1
chr3	37045891	37045965	1	1	1	1	MLH1
chr3	37048481	37048554	1	1	1	1	MLH1
chr3	37050304	37050396	1	1	1	1	MLH1
chr3	37053310	37053353	1	1	1	1	MLH1
chr3	37053501	37053590	1	1	1	1	MLH1
chr3	37055922	37056035	1	1	1	1	MLH1
chr3	37058996	37059090	1	1	1	1	MLH1
chr3	37061800	37061954	1	1	1	1	MLH1
chr3	37067127	37067498	1	1	1	1	MLH1
chr3	37070274	37070423	1	1	1	1	MLH1
chr3	37081676	37081785	1	1	1	1	MLH1
chr3	37083758	37083822	1	1	1	1	MLH1
chr3	37089009	37089174	1	1	1	1	MLH1
chr3	37090007	37090100	1	1	1	1	MLH1
chr3	37090394	37090508	1	1	1	1	MLH1
chr3	37091976	37092144	1	1	1	1	MLH1
chr3	52436303	52436437	1	1	1	1	BAP1
chr3	52436617	52436690	1	1	1	1	BAP1
chr3	52436794	52436887	1	1	1	1	BAP1
chr3	52437153	52437314	1	1	1	1	BAP1
chr3	52437431	52437910	1	1	1	1	BAP1
chr3	52438468	52438602	1	1	1	1	BAP1
chr3	52439125	52439310	1	1	1	1	BAP1
chr3	52439780	52439928	1	1	1	1	BAP1
chr3	52440268	52440392	1	1	1	1	BAP1
chr3	52440844	52440923	1	1	1	1	BAP1
chr3	52441189	52441332	1	1	1	1	BAP1
chr3	52441414	52441476	1	1	1	1	BAP1
chr3	52441973	52442093	1	1	1	1	BAP1
chr3	52442489	52442622	1	1	1	1	BAP1
chr3	52443569	52443624	1	1	1	1	BAP1
chr3	52443729	52443759	1	1	1	1	BAP1
chr3	52443857	52443894	1	1	1	1	BAP1
chr3	69788748	69788852	1	1	1	1	MITF
chr3	69812992	69813093	1	1	1	1	MITF
chr3	69915441	69915497	1	1	1	1	MITF
chr3	69928284	69928534	1	1	1	1	MITF
chr3	69985873	69985906	1	1	1	1	MITF
chr3	69986972	69987200	1	1	1	1	MITF
chr3	69987502	69987517	1	1	1	1	MITF
chr3	69988248	69988332	1	1	1	1	MITF
chr3	69990386	69990482	1	1	1	1	MITF
chr3	69998201	69998319	1	1	1	1	MITF
chr3	70000962	70001037	1	1	1	1	MITF
chr3	70005605	70005681	1	1	1	1	MITF
chr3	70008423	70008571	1	1	1	1	MITF
chr3	70013997	70014399	1	1	1	1	MITF
chr5	112042440	112043389	1	1	1	1	APC.PROMOTER
chr5	112043414	112043579	1	1	1	1	APC
chr5	112073395	112074654	1	1	1	1	APC.PROMOTER
chr5	112090587	112090722	1	1	1	1	APC
chr5	112102022	112102107	1	1	1	1	APC
chr5	112102885	112103087	1	1	1	1	APC
chr5	112111325	112111434	1	1	1	1	APC
chr5	112115544	112115548	1	1	1	1	APC.DEEP_INTRON
chr5	112116486	112116600	1	1	1	1	APC
chr5	112126335	112126339	1	1	1	1	APC.DEEP_INTRON
chr5	112128142	112128226	1	1	1	1	APC
chr5	112136975	112137080	1	1	1	1	APC
chr5	112151191	112151290	1	1	1	1	APC
chr5	112154662	112155041	1	1	1	1	APC
chr5	112157592	112157688	1	1	1	1	APC
chr5	112158415	112158425	1	1	1	1	APC.DEEP_INTRON
chr5	112162804	112162944	1	1	1	1	APC
chr5	112163625	112163703	1	1	1	1	APC
chr5	112164552	112164669	1	1	1	1	APC
chr5	112170647	112170862	1	1	1	1	APC
chr5	112173249	112179823	1	1	1	1	APC
chr5	131893016	131893145	1	1	1	1	RAD50
chr5	131894975	131895059	1	1	1	1	RAD50
chr5	131911468	131911620	1	1	1	1	RAD50
chr5	131915008	131915194	1	1	1	1	RAD50
chr5	131915553	131915758	1	1	1	1	RAD50
chr5	131923253	131923382	1	1	1	1	RAD50
chr5	131923615	131923781	1	1	1	1	RAD50
chr5	131924378	131924572	1	1	1	1	RAD50
chr5	131925322	131925529	1	1	1	1	RAD50
chr5	131926915	131927098	1	1	1	1	RAD50
chr5	131927568	131927726	1	1	1	1	RAD50
chr5	131930560	131930736	1	1	1	1	RAD50
chr5	131931264	131931502	1	1	1	1	RAD50
chr5	131938991	131939181	1	1	1	1	RAD50
chr5	131939611	131939738	1	1	1	1	RAD50
chr5	131940497	131940691	1	1	1	1	RAD50
chr5	131944306	131944417	1	1	1	1	RAD50
chr5	131944808	131944901	1	1	1	1	RAD50
chr5	131944974	131945088	1	1	1	1	RAD50
chr5	131951694	131951822	1	1	1	1	RAD50
chr5	131953761	131953986	1	1	1	1	RAD50
chr5	131972806	131972892	1	1	1	1	RAD50
chr5	131973772	131973915	1	1	1	1	RAD50
chr5	131976363	131976497	1	1	1	1	RAD50
chr5	131977869	131978056	1	1	1	1	RAD50
chr5	79950546	79950783	1	1	1	1	MSH3
chr5	79952229	79952350	1	1	1	1	MSH3
chr5	79960961	79961182	1	1	1	1	MSH3
chr5	79965915	79966128	1	1	1	1	MSH3
chr5	79968062	79968179	1	1	1	1	MSH3
chr5	79968559	79968677	1	1	1	1	MSH3
chr5	79970801	79970947	1	1	1	1	MSH3
chr5	79974745	79974912	1	1	1	1	MSH3
chr5	80021271	80021384	1	1	1	1	MSH3
chr5	80024669	80024784	1	1	1	1	MSH3
chr5	80037282	80037367	1	1	1	1	MSH3
chr5	80040324	80040434	1	1	1	1	MSH3
chr5	80057364	80057497	1	1	1	1	MSH3
chr5	80063751	80063939	1	1	1	1	MSH3
chr5	80064653	80064822	1	1	1	1	MSH3
chr5	80071512	80071577	1	1	1	1	MSH3
chr5	80074538	80074655	1	1	1	1	MSH3
chr5	80083383	80083491	1	1	1	1	MSH3
chr5	80088551	80088663	1	1	1	1	MSH3
chr5	80109402	80109560	1	1	1	1	MSH3
chr5	80149948	80150135	1	1	1	1	MSH3
chr5	80160631	80160761	1	1	1	1	MSH3
chr5	80168934	80169106	1	1	1	1	MSH3
chr5	80171569	80171681	1	1	1	1	MSH3
chr7	124464015	124464128	1	1	1	1	POT1
chr7	124465305	124465411	1	1	1	1	POT1
chr7	124467267	124467359	1	1	1	1	POT1
chr7	124469307	124469396	1	1	1	1	POT1
chr7	124475332	124475468	1	1	1	1	POT1
chr7	124481026	124481232	1	1	1	1	POT1
chr7	124482860	124483017	1	1	1	1	POT1
chr7	124486995	124487052	1	1	1	1	POT1
chr7	124491925	124492005	1	1	1	1	POT1
chr7	124493025	124493192	1	1	1	1	POT1
chr7	124499010	124499166	1	1	1	1	POT1
chr7	124503403	124503694	1	1	1	1	POT1
chr7	124510964	124511095	1	1	1	1	POT1
chr7	124532319	124532434	1	1	1	1	POT1
chr7	124537218	124537227	1	1	1	1	POT1
chr7	6013029	6013173	1	1	1	1	PMS2
chr7	6017218	6017421	1	1	1	1	PMS2
chr7	6018226	6018327	1	1	1	1	PMS2
chr7	6022454	6022622	1	1	1	1	PMS2
chr7	6026389	6027251	1	1	1	1	PMS2
chr7	6029430	6029586	1	1	1	1	PMS2
chr7	6031603	6031688	1	1	1	1	PMS2
chr7	6035164	6035264	1	1	1	1	PMS2
chr7	6036956	6037054	1	1	1	1	PMS2
chr7	6038738	6038906	1	1	1	1	PMS2
chr7	6042083	6042311	1	1	1	1	PMS2
chr7	6043320	6043423	1	1	1	1	PMS2
chr7	6043602	6043689	1	1	1	1	PMS2
chr7	6045522	6045662	1	1	1	1	PMS2
chr7	6048627	6048650	1	1	1	1	PMS2
chr8	90947809	90947840	1	1	1	1	NBN
chr8	90949253	90949303	1	1	1	1	NBN
chr8	90955480	90955594	1	1	1	1	NBN
chr8	90958367	90958523	1	1	1	1	NBN
chr8	90960051	90960120	1	1	1	1	NBN
chr8	90965471	90965919	1	1	1	1	NBN
chr8	90967510	90967783	1	1	1	1	NBN
chr8	90970952	90971082	1	1	1	1	NBN
chr8	90976637	90976735	1	1	1	1	NBN
chr8	90982591	90982785	1	1	1	1	NBN
chr8	90983400	90983518	1	1	1	1	NBN
chr8	90990447	90990551	1	1	1	1	NBN
chr8	90992961	90993121	1	1	1	1	NBN
chr8	90993602	90993751	1	1	1	1	NBN
chr8	90994949	90995083	1	1	1	1	NBN
chr8	90996752	90996789	1	1	1	1	NBN
chr9	21968227	21968241	1	1	1	1	CDKN2A
chr9	21968344	21968348	1	1	1	1	CDKN2A.DEEP_INTRON
chr9	21968723	21968770	1	1	1	1	CDKN2A
chr9	21970900	21971207	1	1	1	1	CDKN2A
chr9	21974475	21974826	1	1	1	1	CDKN2A
chr9	21974858	21974862	1	1	1	1	CDKN2A.DEEP_INTRON
chr9	21994137	21994330	1	1	1	1	CDKN2A
