##SRY = ABSENT
##Average coverage per base (for all bases): 316
##Percentage of bases covered at 15x: 99.54
##Percentage of bases covered at 20x: 99.41
##Percentage of exons with 100% of bases covered at 15x: 99.04
##Percentage of exons with 100% of bases covered at 20x: 98.68
##Total # of bases: 9145834
##Total # of exons: 55562
chr10	89685269	89685314	1	0	0	0	PTEN
chr11	108160168	108160172	1	0	0	0	ATM.DEEP_INTRON
chr22	29105993	29106047	1	0	0	0	CHEK2
chr11	108114679	108114845	1	1	1	0.99	ATM
chr10	89622928	89623576	1	1	1	1	PTEN.PROMOTER
chr10	89623706	89623860	1	1	1	1	PTEN
chr10	89623861	89624305	1	1	1	1	PTEN
chr10	89653781	89653866	1	1	1	1	PTEN
chr10	89690802	89690846	1	1	1	1	PTEN
chr10	89692769	89693008	1	1	1	1	PTEN
chr10	89711874	89712016	1	1	1	1	PTEN
chr10	89717609	89717776	1	1	1	1	PTEN
chr10	89720650	89720875	1	1	1	1	PTEN
chr10	89725043	89725229	1	1	1	1	PTEN
chr11	108098319	108098323	1	1	1	1	ATM.DEEP_INTRON
chr11	108098351	108098423	1	1	1	1	ATM
chr11	108098502	108098615	1	1	1	1	ATM
chr11	108099904	108100050	1	1	1	1	ATM
chr11	108106396	108106561	1	1	1	1	ATM
chr11	108115514	108115753	1	1	1	1	ATM
chr11	108117690	108117854	1	1	1	1	ATM
chr11	108119659	108119829	1	1	1	1	ATM
chr11	108121022	108121025	1	1	1	1	ATM.DEEP_INTRON
chr11	108121427	108121799	1	1	1	1	ATM
chr11	108122563	108122758	1	1	1	1	ATM
chr11	108123543	108123639	1	1	1	1	ATM
chr11	108124540	108124766	1	1	1	1	ATM
chr11	108126941	108127067	1	1	1	1	ATM
chr11	108128207	108128333	1	1	1	1	ATM
chr11	108129712	108129802	1	1	1	1	ATM
chr11	108137897	108138069	1	1	1	1	ATM
chr11	108139136	108139336	1	1	1	1	ATM
chr11	108141207	108141211	1	1	1	1	ATM.DEEP_INTRON
chr11	108141790	108141873	1	1	1	1	ATM
chr11	108141977	108142133	1	1	1	1	ATM
chr11	108143258	108143334	1	1	1	1	ATM
chr11	108143448	108143579	1	1	1	1	ATM
chr11	108144005	108144009	1	1	1	1	ATM.DEEP_INTRON
chr11	108150217	108150335	1	1	1	1	ATM
chr11	108151721	108151895	1	1	1	1	ATM
chr11	108153436	108153606	1	1	1	1	ATM
chr11	108154953	108155200	1	1	1	1	ATM
chr11	108158326	108158442	1	1	1	1	ATM
chr11	108159703	108159830	1	1	1	1	ATM
chr11	108159987	108159991	1	1	1	1	ATM.DEEP_INTRON
chr11	108160328	108160528	1	1	1	1	ATM
chr11	108163345	108163520	1	1	1	1	ATM
chr11	108164039	108164204	1	1	1	1	ATM
chr11	108165653	108165786	1	1	1	1	ATM
chr11	108168013	108168109	1	1	1	1	ATM
chr11	108170440	108170612	1	1	1	1	ATM
chr11	108172374	108172516	1	1	1	1	ATM
chr11	108173579	108173756	1	1	1	1	ATM
chr11	108175401	108175579	1	1	1	1	ATM
chr11	108176703	108176707	1	1	1	1	ATM.DEEP_INTRON
chr11	108178623	108178711	1	1	1	1	ATM
chr11	108179835	108179839	1	1	1	1	ATM.DEEP_INTRON
chr11	108180886	108181042	1	1	1	1	ATM
chr11	108183137	108183225	1	1	1	1	ATM
chr11	108186549	108186638	1	1	1	1	ATM
chr11	108186737	108186840	1	1	1	1	ATM
chr11	108188099	108188248	1	1	1	1	ATM
chr11	108190680	108190785	1	1	1	1	ATM
chr11	108192027	108192147	1	1	1	1	ATM
chr11	108196036	108196271	1	1	1	1	ATM
chr11	108196784	108196952	1	1	1	1	ATM
chr11	108198371	108198485	1	1	1	1	ATM
chr11	108199747	108199965	1	1	1	1	ATM
chr11	108200940	108201148	1	1	1	1	ATM
chr11	108202170	108202284	1	1	1	1	ATM
chr11	108202605	108202764	1	1	1	1	ATM
chr11	108203488	108203627	1	1	1	1	ATM
chr11	108204612	108204695	1	1	1	1	ATM
chr11	108205695	108205836	1	1	1	1	ATM
chr11	108206571	108206688	1	1	1	1	ATM
chr11	108213948	108214098	1	1	1	1	ATM
chr11	108216469	108216635	1	1	1	1	ATM
chr11	108218005	108218092	1	1	1	1	ATM
chr11	108224492	108224607	1	1	1	1	ATM
chr11	108225537	108225601	1	1	1	1	ATM
chr11	108235808	108235945	1	1	1	1	ATM
chr11	108236051	108236235	1	1	1	1	ATM
chr13	32889521	32889937	1	1	1	1	BRCA2.PROMOTER
chr13	32890597	32890664	1	1	1	1	BRCA2
chr13	32893213	32893462	1	1	1	1	BRCA2
chr13	32899212	32899321	1	1	1	1	BRCA2
chr13	32900237	32900287	1	1	1	1	BRCA2
chr13	32900378	32900419	1	1	1	1	BRCA2
chr13	32900635	32900750	1	1	1	1	BRCA2
chr13	32903579	32903629	1	1	1	1	BRCA2
chr13	32905055	32905167	1	1	1	1	BRCA2
chr13	32906408	32907524	1	1	1	1	BRCA2
chr13	32910401	32915333	1	1	1	1	BRCA2
chr13	32918694	32918790	1	1	1	1	BRCA2
chr13	32919382	32919386	1	1	1	1	BRCA2.DEEP_INTRON
chr13	32920963	32921033	1	1	1	1	BRCA2
chr13	32928997	32929425	1	1	1	1	BRCA2
chr13	32930564	32930746	1	1	1	1	BRCA2
chr13	32931878	32932066	1	1	1	1	BRCA2
chr13	32936659	32936830	1	1	1	1	BRCA2
chr13	32937315	32937670	1	1	1	1	BRCA2
chr13	32944538	32944694	1	1	1	1	BRCA2
chr13	32945092	32945237	1	1	1	1	BRCA2
chr13	32950806	32950928	1	1	1	1	BRCA2
chr13	32953453	32953652	1	1	1	1	BRCA2
chr13	32953886	32954050	1	1	1	1	BRCA2
chr13	32954143	32954282	1	1	1	1	BRCA2
chr13	32968825	32969070	1	1	1	1	BRCA2
chr13	32971034	32971181	1	1	1	1	BRCA2
chr13	32972298	32972907	1	1	1	1	BRCA2
chr13	32973279	32973819	1	1	1	1	BRCA2
chr16	23614779	23614990	1	1	1	1	PALB2
chr16	23619184	23619333	1	1	1	1	PALB2
chr16	23625324	23625412	1	1	1	1	PALB2
chr16	23632682	23632799	1	1	1	1	PALB2
chr16	23634289	23634451	1	1	1	1	PALB2
chr16	23635329	23635415	1	1	1	1	PALB2
chr16	23637556	23637718	1	1	1	1	PALB2
chr16	23640524	23640596	1	1	1	1	PALB2
chr16	23640960	23641790	1	1	1	1	PALB2
chr16	23646182	23647655	1	1	1	1	PALB2
chr16	23649170	23649273	1	1	1	1	PALB2
chr16	23649390	23649450	1	1	1	1	PALB2
chr16	23652430	23652478	1	1	1	1	PALB2
chr16	68771318	68771366	1	1	1	1	CDH1
chr16	68772199	68772314	1	1	1	1	CDH1
chr16	68835572	68835796	1	1	1	1	CDH1
chr16	68842326	68842470	1	1	1	1	CDH1
chr16	68842595	68842751	1	1	1	1	CDH1
chr16	68844099	68844244	1	1	1	1	CDH1
chr16	68845586	68845762	1	1	1	1	CDH1
chr16	68846037	68846166	1	1	1	1	CDH1
chr16	68847215	68847398	1	1	1	1	CDH1
chr16	68849417	68849662	1	1	1	1	CDH1
chr16	68853182	68853328	1	1	1	1	CDH1
chr16	68855903	68856128	1	1	1	1	CDH1
chr16	68857301	68857529	1	1	1	1	CDH1
chr16	68862076	68862207	1	1	1	1	CDH1
chr16	68863556	68863700	1	1	1	1	CDH1
chr16	68867192	68867402	1	1	1	1	CDH1
chr17	29422327	29422387	1	1	1	1	NF1
chr17	29483000	29483144	1	1	1	1	NF1
chr17	29486027	29486111	1	1	1	1	NF1
chr17	29488134	29488138	1	1	1	1	NF1.DEEP_INTRON
chr17	29489927	29489931	1	1	1	1	NF1.DEEP_INTRON
chr17	29490203	29490394	1	1	1	1	NF1
chr17	29496908	29497015	1	1	1	1	NF1
chr17	29508439	29508507	1	1	1	1	NF1
chr17	29508727	29508803	1	1	1	1	NF1
chr17	29509525	29509683	1	1	1	1	NF1
chr17	29510470	29510474	1	1	1	1	NF1.DEEP_INTRON
chr17	29526496	29526500	1	1	1	1	NF1.DEEP_INTRON
chr17	29527439	29527613	1	1	1	1	NF1
chr17	29528054	29528177	1	1	1	1	NF1
chr17	29528428	29528503	1	1	1	1	NF1
chr17	29530105	29530109	1	1	1	1	NF1.DEEP_INTRON
chr17	29532795	29532799	1	1	1	1	NF1.DEEP_INTRON
chr17	29533257	29533389	1	1	1	1	NF1
chr17	29541468	29541603	1	1	1	1	NF1
chr17	29542760	29542764	1	1	1	1	NF1.DEEP_INTRON
chr17	29546022	29546136	1	1	1	1	NF1
chr17	29548867	29549008	1	1	1	1	NF1
chr17	29550461	29550585	1	1	1	1	NF1
chr17	29552112	29552268	1	1	1	1	NF1
chr17	29553452	29553702	1	1	1	1	NF1
chr17	29554235	29554309	1	1	1	1	NF1
chr17	29554540	29554624	1	1	1	1	NF1
chr17	29556042	29556483	1	1	1	1	NF1
chr17	29556852	29556992	1	1	1	1	NF1
chr17	29557277	29557400	1	1	1	1	NF1
chr17	29557859	29557943	1	1	1	1	NF1
chr17	29559090	29559207	1	1	1	1	NF1
chr17	29559717	29559899	1	1	1	1	NF1
chr17	29560019	29560231	1	1	1	1	NF1
chr17	29562628	29562790	1	1	1	1	NF1
chr17	29562935	29563039	1	1	1	1	NF1
chr17	29576001	29576137	1	1	1	1	NF1
chr17	29579955	29580018	1	1	1	1	NF1
chr17	29585361	29585520	1	1	1	1	NF1
chr17	29586049	29586147	1	1	1	1	NF1
chr17	29587386	29587533	1	1	1	1	NF1
chr17	29588728	29588875	1	1	1	1	NF1
chr17	29592246	29592357	1	1	1	1	NF1
chr17	29652837	29653270	1	1	1	1	NF1
chr17	29654516	29654857	1	1	1	1	NF1
chr17	29657313	29657516	1	1	1	1	NF1
chr17	29657846	29657850	1	1	1	1	NF1.DEEP_INTRON
chr17	29661855	29662049	1	1	1	1	NF1
chr17	29663350	29663491	1	1	1	1	NF1
chr17	29663652	29663932	1	1	1	1	NF1
chr17	29664385	29664600	1	1	1	1	NF1
chr17	29664836	29664898	1	1	1	1	NF1
chr17	29665042	29665157	1	1	1	1	NF1
chr17	29665721	29665823	1	1	1	1	NF1
chr17	29667522	29667663	1	1	1	1	NF1
chr17	29670026	29670153	1	1	1	1	NF1
chr17	29676137	29676269	1	1	1	1	NF1
chr17	29677200	29677336	1	1	1	1	NF1
chr17	29679274	29679432	1	1	1	1	NF1
chr17	29683477	29683600	1	1	1	1	NF1
chr17	29683977	29684108	1	1	1	1	NF1
chr17	29684286	29684387	1	1	1	1	NF1
chr17	29685175	29685179	1	1	1	1	NF1.DEEP_INTRON
chr17	29685497	29685640	1	1	1	1	NF1
chr17	29685986	29686033	1	1	1	1	NF1
chr17	29686428	29686432	1	1	1	1	NF1.DEEP_INTRON
chr17	29687504	29687721	1	1	1	1	NF1
chr17	29701030	29701173	1	1	1	1	NF1
chr17	41196289	41197069	1	1	1	1	BRCA1
chr17	41197586	41197590	1	1	1	1	BRCA1.DEEP_INTRON
chr17	41197694	41197819	1	1	1	1	BRCA1
chr17	41197857	41197861	1	1	1	1	BRCA1.DEEP_INTRON
chr17	41199659	41199720	1	1	1	1	BRCA1
chr17	41201137	41201211	1	1	1	1	BRCA1
chr17	41203079	41203134	1	1	1	1	BRCA1
chr17	41209068	41209152	1	1	1	1	BRCA1
chr17	41215349	41215390	1	1	1	1	BRCA1
chr17	41215890	41215968	1	1	1	1	BRCA1
chr17	41219624	41219712	1	1	1	1	BRCA1
chr17	41222944	41223255	1	1	1	1	BRCA1
chr17	41226347	41226538	1	1	1	1	BRCA1
chr17	41228504	41228631	1	1	1	1	BRCA1
chr17	41231350	41231416	1	1	1	1	BRCA1
chr17	41234420	41234592	1	1	1	1	BRCA1
chr17	41242960	41243049	1	1	1	1	BRCA1
chr17	41243451	41246877	1	1	1	1	BRCA1
chr17	41247862	41247939	1	1	1	1	BRCA1
chr17	41249260	41249306	1	1	1	1	BRCA1
chr17	41251791	41251897	1	1	1	1	BRCA1
chr17	41256138	41256278	1	1	1	1	BRCA1
chr17	41256884	41256973	1	1	1	1	BRCA1
chr17	41258472	41258550	1	1	1	1	BRCA1
chr17	41267742	41267796	1	1	1	1	BRCA1
chr17	41276033	41276113	1	1	1	1	BRCA1
chr17	41277373	41277377	1	1	1	1	BRCA1.DEEP_INTRON
chr17	7571645	7572125	1	1	1	1	TP53
chr17	7572926	7573008	1	1	1	1	TP53
chr17	7573926	7574033	1	1	1	1	TP53
chr17	7576536	7576584	1	1	1	1	TP53
chr17	7576624	7576657	1	1	1	1	TP53
chr17	7576852	7576926	1	1	1	1	TP53
chr17	7577018	7577155	1	1	1	1	TP53
chr17	7577498	7577608	1	1	1	1	TP53
chr17	7578176	7578289	1	1	1	1	TP53
chr17	7578370	7578554	1	1	1	1	TP53
chr17	7579311	7579590	1	1	1	1	TP53
chr17	7579699	7579721	1	1	1	1	TP53
chr17	7579838	7579912	1	1	1	1	TP53
chr17	7590555	7591037	1	1	1	1	TP53.PROMOTER
chr19	1206912	1207202	1	1	1	1	STK11
chr19	1218415	1218499	1	1	1	1	STK11
chr19	1219322	1219412	1	1	1	1	STK11
chr19	1220371	1220504	1	1	1	1	STK11
chr19	1220579	1220716	1	1	1	1	STK11
chr19	1221211	1221339	1	1	1	1	STK11
chr19	1221947	1222005	1	1	1	1	STK11
chr19	1222983	1223171	1	1	1	1	STK11
chr19	1226452	1226646	1	1	1	1	STK11
chr2	215593399	215593732	1	1	1	1	BARD1
chr2	215595134	215595232	1	1	1	1	BARD1
chr2	215609790	215609883	1	1	1	1	BARD1
chr2	215610445	215610578	1	1	1	1	BARD1
chr2	215617170	215617279	1	1	1	1	BARD1
chr2	215632205	215632378	1	1	1	1	BARD1
chr2	215633955	215634036	1	1	1	1	BARD1
chr2	215645283	215646233	1	1	1	1	BARD1
chr2	215657020	215657169	1	1	1	1	BARD1
chr2	215661784	215661841	1	1	1	1	BARD1
chr2	215674135	215674293	1	1	1	1	BARD1
chr22	29083884	29083974	1	1	1	1	CHEK2
chr22	29085122	29085203	1	1	1	1	CHEK2
chr22	29090019	29090105	1	1	1	1	CHEK2
chr22	29091114	29091230	1	1	1	1	CHEK2
chr22	29091697	29091861	1	1	1	1	CHEK2
chr22	29092888	29092975	1	1	1	1	CHEK2
chr22	29095825	29095925	1	1	1	1	CHEK2
chr22	29099492	29099554	1	1	1	1	CHEK2
chr22	29107896	29108005	1	1	1	1	CHEK2
chr22	29115382	29115473	1	1	1	1	CHEK2
chr22	29120964	29121112	1	1	1	1	CHEK2
chr22	29121230	29121355	1	1	1	1	CHEK2
chr22	29126407	29126536	1	1	1	1	CHEK2
chr22	29130390	29130709	1	1	1	1	CHEK2
